-0.000000 0.000000 0.000000
0.384967 -0.257453 -0.886295
-0.353373 0.003354 0.935476
0.938544 -0.132530 -0.318701
-0.935978 0.132227 0.326284
0.587394 0.088265 0.804474
-0.474153 -0.030531 -0.879913
-0.267526 0.943681 -0.194669
0.104271 -0.954583 0.279103
0.169101 0.655255 -0.736238
-0.000467 -0.711504 0.702681
-0.344775 -0.491633 -0.799642
0.342997 0.488280 0.802456
-0.661381 0.629410 -0.407943
-0.000000 0.000000 0.000000
0.742206 -0.615337 0.265501
-0.754626 0.542890 0.368524
0.787625 -0.581532 -0.203633
0.413528 -0.734563 0.537969
-0.251411 0.750583 -0.611079
-0.313282 -0.861501 0.399587
0.146445 0.922026 -0.358360
-0.735352 -0.274308 -0.619688
0.719435 0.473881 0.507789
-0.836442 0.165493 -0.522472
0.735375 -0.320602 0.597024
-0.302340 -0.950909 -0.066051
0.440884 0.897518 0.009118
-0.000000 0.000000 0.000000
-0.548179 -0.711036 -0.440372
0.421529 0.793167 0.439544
0.785675 0.613848 0.076845
-0.672074 -0.740039 0.025663
0.959928 -0.252404 0.121778
-0.910374 0.405885 -0.080481
-0.654327 0.244588 0.715564
0.669652 -0.439718 -0.598510
0.177795 0.066486 0.981819
-0.057746 -0.160602 -0.985329
-0.131677 -0.835968 -0.532746
0.018822 0.779031 0.626702
0.725365 0.019664 -0.688083
-0.000000 0.000000 0.000000
-0.740006 -0.177809 0.648672
0.114769 -0.973936 -0.195646
0.041448 0.985224 0.166178
-0.988389 -0.018216 -0.150849
0.976248 0.211514 0.046916
-0.407732 -0.481497 0.775832
0.559556 0.437301 -0.704035
0.580410 0.724135 -0.372496
-0.669305 -0.594599 0.445513
0.405519 -0.782450 -0.472575
-0.343206 0.881737 0.323649
0.129786 -0.596472 -0.792071
-0.118186 0.393180 0.911834
-0.000000 0.000000 0.000000
0.376885 -0.374684 0.847095
-0.516582 0.394049 -0.760177
0.486222 -0.873543 0.022578
-0.626336 0.779549 -0.002573
0.868859 0.348454 -0.351659
-0.928150 -0.306227 0.211570
-0.042503 -0.311958 0.949145
-0.115684 0.338905 -0.933681
0.884868 0.072964 0.460092
-0.869292 -0.430688 -0.242567
-0.408808 0.614595 0.674647
0.290384 0.174527 -0.940860
-0.000000 0.000000 0.000000
0.391560 -0.262788 -0.881829
-0.364088 0.008273 0.931328
0.939665 -0.143537 -0.310525
-0.938551 0.142530 0.314337
0.580717 0.083389 0.809823
-0.464158 -0.027966 -0.885311
-0.255301 0.945266 -0.203206
0.090309 -0.955234 0.281729
0.184424 0.648791 -0.738280
-0.015543 -0.710199 0.703829
-0.339739 -0.490927 -0.802227
0.338967 0.488645 0.803945
-0.650655 0.632528 -0.420187
-0.000000 0.000000 0.000000
0.734481 -0.620248 0.275372
-0.754957 0.551119 0.355398
0.784757 -0.589012 -0.192930
0.401269 -0.735874 0.545411
-0.237620 0.747734 -0.620024
-0.325284 -0.857540 0.398516
0.157564 0.918171 -0.363504
-0.730409 -0.270679 -0.627085
0.718587 0.470511 0.512105
-0.828879 0.169212 -0.533223
0.728592 -0.323025 0.603994
-0.309808 -0.948574 -0.065017
0.448668 0.893679 0.005957
-0.000000 0.000000 0.000000
-0.551015 -0.706952 -0.443398
0.426286 0.791955 0.437135
0.791358 0.606251 0.078817
-0.679427 -0.733401 0.022405
0.956861 -0.260210 0.129256
-0.905966 0.413118 -0.092517
-0.658780 0.255278 0.707702
0.669314 -0.450502 -0.590819
0.171957 0.071497 0.982506
-0.052155 -0.167349 -0.984517
-0.135826 -0.837942 -0.528588
0.022385 0.785683 0.618225
0.729666 0.006362 -0.683774
-0.000000 0.000000 0.000000
-0.747457 -0.165623 0.643332
0.107518 -0.976833 -0.185032
0.049018 0.987285 0.151215
-0.987029 -0.012044 -0.160092
0.977765 0.203653 0.050010
-0.417538 -0.470687 0.777249
0.566753 0.424925 -0.705854
0.587898 0.716297 -0.375892
-0.677373 -0.587854 0.442259
0.403925 -0.785317 -0.469172
-0.341223 0.885019 0.316714
0.131010 -0.598874 -0.790055
-0.120737 0.396218 0.910183
-0.000000 0.000000 0.000000
0.373224 -0.374390 0.848844
-0.512112 0.391728 -0.764389
0.484250 -0.874618 0.023350
-0.625342 0.780307 -0.008212
0.870292 0.345927 -0.350607
-0.929815 -0.304593 0.206562
-0.046227 -0.311120 0.949246
-0.112473 0.335803 -0.935193
0.884518 0.073236 0.460722
-0.868103 -0.430729 -0.246717
-0.411096 0.616051 0.671924
0.292032 0.171003 -0.940997
